0
0.32283070718349377
0.26488884457881046
-0.08471825614428206
0.06620482793130246
0.31488186111036276
0.19558034747119016
-0.15875840373151764
0.10713921338616608
-0.0901966204391533
0.3358832386974113
-0.5922151634209809
-0.6617937856684066
-0.30636463266916536
0.13848416126061608
-0.10621282683523575
0.049067684141953546
0.3224413211735069
0.4040011640398837
0.3083270692593716
0.6630326804066783
0.6763881305396859
0.5857659606942784
0.8071679158160852
0.811942188514905
0.8109154114687265
0.7278462463243615
0.8415043719816855
0.49503273590018415
0.3364350888709106
0.20718844346673884
0.1968398605034247
0.5459566070714315
0.4154366552133068
0.5312357541616223
0.48709399162958733
0.23673917485353235
0.5674062212232595
0.37854318791389696
0.35576384181860654
0.5187175712908897
0.5871318898309585
0.8449004167337139
0.665246815433802
0.34249275910730786
0.35012734776890064
0.06022847988759644
0.47857468129404185
0.5812094769106741
0.556548128773959
0.47063962833037976
0.35078215281153347
0.2550087374113569
-0.11596889784481682
0.35466632947948395
0.06624381033613576
0.267845867340767
0.27898761724475646
0.03160243857351442
0.7440228867984282
0.5838314445946903
0.678963788319712
0.02462897305557364
0.008782697673924296
-0.030901877628033522
0.18139908333292087
-0.16289297323497207
-0.015143573617696308
-0.30978668513670293
-0.5486886422381295
-0.41315131856762355
-0.12136401034346414
-0.48121210209012666
-0.045279270827650424
-0.05635401705129111
0.49000177204924933
-0.2192106047415478
0.16607785718005597
0.5355288437837797
0.7942445269632972
0.5941960154380469
0.679304088358975
0.8167439108012885
0.8457148319871353
0.46978551838075766
0.7816234449434677
0.92330057995804
1.0484122464866825
0.997839981602394
0.9297565223882663
1.049124323502197
1.0454803545177986
0.8843777670393183
0.7314678889885634
0.8647080826041755
0.09288515274864717
0.2874149235966987
0.5195887076834325
0.6726611233439664
0.6760184867833612
0.5450782748301074
0.6686380548816657
0.6793401569501523
0.866907852587878
0.6010198589980807
0.7276226483352426
0.89866421493791
1.1351187483092016
0.9859672121039307
1.0231584656295785
0.810523867667862
0.8675536635729603
0.7632236875338558
1.0396433968310652
-0.10689568899516975
-0.41729515864016764
-0.4140609166522124
-0.3659949866742771
-0.28828268582266764
-0.1964038830411414
0.1418098529121833
0.2838841024719847
-0.08778998814987105
-0.3073163024255414
0.16727608181027454
0.067592905163042
0.17945902473845315
0.49910182734997594
0.5754697887077601
0.7545142348643201
0.49952708002470525
0.9676029249073415
1.2236380794746418
1.2294178385885313
1.146754599788455
1.2103885693879035
1.3401419409942121
0.7030252781987592
0.7728444070377205
1.1976161934431602
0.7468208502698763
0.7623240006812557
-1.1773081086401702
-1.3229569257031137
0.3190169767853498
0.7131417918146333
-1.265267876481293
0.5259016952591702
0.2383399917047569
0.7579848142712943
-2.4073949451788685
-2.647902566799853
-1.5537214080768587
-1.0826867365261603
-2.11689261422867
-1.843327360469189
-2.552656346289839
-2.0587526009862502
-1.9714610065893257
-1.7815327526141398
-2.213538531568177
-3.207598426174955
-1.9477019126444053
-0.5788895858856646
-0.012304822855681373
-0.08768985828206002
0.22929398685403288
0.6532009371070585
0.5597245058827381
0.9216927283306672
0.9770345475520237
1.0624345445853662
0.9685161014265298
0.4376774104603537
1.179965498950614
1.169654714270537
1.0746218911715117
1.0721392133798493
1.305348688146069
0.6505314861400074
0.9997676981006938
0.6472553589298953
1.1171485427107766
1.1110917222534518
-0.021072178529863837
0.741859557246208
0.8122780421629519
0.9246143982940919
0.16336130826324555
0.6434113590825932
0.48058913318390784
0.6578768385541034
0.9846799338250173
0.8173822540444527
0.45592928788939047
0.6067209220730518
0.10869714625748597
0.00789024739266388
0.11736851378653665
-0.9542133946848489
0.07874063071791892
-0.30808569048679135
0.030476738666492746
0.1417002667531349
-0.5016614320537713
-0.580786413572163
0.003607579844628844
-0.42577713073901885
-0.11739757931775724
-0.5720091709905655
-1.0338866816950083
-2.5931712180916238
-1.2388607142265404
-0.4136677190963916
0.20455160207007897
-0.056356830621736034
0.33027945413375426
0.35910392519363504
0.3229147086264222
0.4975670302828338
0.47605860043585696
0.7169455977939789
0.8439651704545843
-0.20644614708428832
-2.239066842364334
-0.5919706523727106
0.5005255346215449
0.41779308535690496
1.0399441549114696
0.5992843567901629
0.03272471660282009
-0.07125219326450785
-1.2530060815603508
-2.1185121654960124
-1.6900983537050052
-1.028014934542166
-0.6408754270101125
-0.5703062830519057
-0.08595456077063457
-0.09596857842242557
0.021783098161967565
0.4081680431504943
0.5325618208667457
-0.7797363615104689
-1.9856036494978981
-1.7416869514288265
-1.3706581606586492
-0.9758667296411423
-0.36267409742769535
-0.6362790475365496
-0.21765703098439165
0.39100431051246015
0.7595244511502977
0.07522003722097771
0.4120091974996649
-0.9613046767263
-0.11076254706971188
0.3103349593584775
0.5017826656110521
-0.483856496574901
0.08476884072676191
0.2547598916729847
0.43044395072270225
0.9264725206925606
0.3083532657340331
-0.09814108231294488
1.0046309621935123
1.081256319182297
0.4580951959421232
0.36361971431588436
-0.27074246387913914
0.4728293849973326
-0.32234682642618884
0.005275725738453509
-0.0539381133437454
-0.2371785372667154
-0.5232139867439349
-0.031506800782898345
-0.5940401072654862
-0.7186452823091427
-0.9759541012644052
-0.4020830014087811
-0.8549962776364075
-0.7494943490034237
-0.9701718310464846
-0.5082430271514686
-0.9476084220051929
-0.4252095857646289
-0.048284799659112504
0.06470114692879313
-1.3595412061119307
-0.35925194042338
-0.6132304461827955
0.14122122789175348
0.6447090647796
0.06087386767888807
0.3171367302625706
0.21399585464343143
0.7129532290152533
0.7372896277964982
0.8894053487642295
0.5025046767496224
0.676559479022701
-0.017273158025096574
-0.7890946369442181
-1.5911937431630176
-2.3222944554498697
-1.3090658060554081
-2.3347810100653597
-0.18019804408761214
-2.5800424735067304
-1.6350653674973727
-0.3987469290563304
-0.5278328142745423
-0.1669122277748049
0.2289130206830982
0.1929981177732764
0.5355194670411124
0.6306420777142858
0.47365530772305753
0.33186720845399215
0.1001350069157371
0.2881091938666629
0.602010594018625
0.8299530599532474
1.2834654976400717
0.1924719240151707
-1.9785274613630564
-0.32843068190447755
0.38732906988282817
-2.370189460324223
-0.23780836371373626
0.24955200489336574
0.295675256777449
0.24513471573724127
-0.151043394167922
-0.30735127206953916
0.02160292376623113
0.3555722374880038
0.541967264663545
0.3618563328524962
0.26589099735577454
0.10784799245465192
0.6246915021748483
0.8592929880655944
0.5152442789588001
0.8347444548547017
0.9597898063728276
0.661182297280169
0.5805561104753343
0.364609258814004
0.4071778040850203
0.17931195076737244
0.3769567106607685
0.7615144096080196
-0.6756731515048129
-0.5058016182434812
0.24724504612324236
-0.6561289790539317
-0.2573715828416132
1.0539402228289845
1.1115864240759592
-0.42143871515882436
0.24937797501774095
0.6375606391918484
0.36136022746797886
0.9117118195783944
0.8162272674511875
0.45432060245753025
-0.008807003682105692
0.8698163409216308
1.7407865162275729
0.3065634988572818
0.6538878535604821
0.7821314229798231
0.8315657294960155
0.99700526225403
0.8107473748221001
1.0228176929368695
0.7858423186306631
0.24592716384637298
-0.23808375561697498
0.2803552331667318
0.634804379527752
0.7614474431137288
0.7472948102113233
0.17013477540739355
0.6887005732825278
1.1123797098242254
0.6875806398793183
0.8115973347649701
0.8548100631947854
0.40108965862710433
0.6625656166601865
0.5528861288685407
0.7084364522766645
-0.3906190746888163
0.25938481351118203
0.7375087241140188
0.7537578284509026
0.4939494279077621
0.020198564088022022
-0.7739851700063943
-0.19181474632695575
0.2397357626929125
0.66303068654823
-0.20058714170545824
0.08744852326187941
0.04860876903080426
-0.36213200395312767
-1.744219508818915
-1.4526372109000554
-0.5045983610776243
-0.04868717930081354
0.405143666845583
0.03563352006147266
-0.5851670998167499
-0.43640087591366306
-0.02021164455034412
-0.27943956949535714
-1.8832803133428702
-0.41311069543418105
0.1794610078229693
0.11661355464780858
-1.2712524142934187
-1.2067352714669324
-1.2698695663276638
-0.9914762678100713
-0.5500503893823494
-1.044957381444602
-1.8049162427954697
-2.1964610454319944
-2.194118498375265
-1.7566433283505087
-0.7931526907215259
-0.3724745117560986
-0.04984325911769169
-0.2915915992058623
-0.31538894050857097
-1.1824280853767657
-0.6476905820158465
-0.014278113525863355
-0.8327479286991174
-0.652304622610289
-0.36679217076805837
-0.032618377756632046
0.5850240616180056
0.13749986095685163
-0.6593233268813197
-0.22975982224186048
0.3095286269060312
0.6381170605385461
0.6156003693321332
0.6783672023651988
0.7127839234517956
0.7691345957315309
0.8176338178689255
0.4219482159763334
0.7372429555381657
0.4059663757475512
0.30884116836716013
-1.1644147545236967
-2.056302133394486
-1.2460204014616338
-1.35784608663081
-1.706155697742569
-0.9711282617031285
-0.10422732666094302
-0.8330745879924468
-0.57237353561631
-0.5538980424126541
-0.4942856672671342
-2.1456789138230508
-1.2162962496396514
-0.5477505410155915
-0.0588784767888664
-0.29995614248366176
-1.5306269780927093
-1.518618897146581
-1.245624436965081
-1.8804059764589356
-2.0672711734793974
-1.2526258553938958
-2.142317172079543
-2.6363463153711324
-1.1965381512249826
0.2328797640660834
0.3446530246155681
0.032589718406098825
-0.21152944121154924
0.28807931451142993
-0.2945151326868128
-0.03582963101828641
0.5041988352252262
0.6207977766502231
0.4904829203918333
0.7029276825873518
0.40945138647789847
0.700799908307304
0.5759117855960584
0.43158481889906497
0.4737264663447218
-0.021908334391599116
-1.8346774871549199
-0.995973029063377
-0.5844893509143206
-0.14565464362047179
-0.08483850090134057
-1.4203409401994342
-0.9425032227892024
0.34145718207769177
-0.3835409341646709
0.5265863453476645
0.8046025593061741
-0.399203540651314
0.5740840470350859
0.6336558555463487
0.9670127318159805
1.182860919445896
0.9122305006216626
0.9180459559887129
0.739894472724431
0.7078145141405008
0.39341043206972026
-0.4772833575797086
-1.7884388199230201
-1.1128377333912116
0.10328332270872453
0.6713928990285372
-1.886149257622177
-0.8467054294807793
-0.5469483080645042
0.13814824152662797
0.34797266075195155
0.3576505114206615
-1.8732488357202317
-2.160061848777395
-0.4315744562925039
-1.7948755510964478
-1.2353205477127713
-1.9662022093437594
-3.0434134465847653
-0.8067586823693049
-0.462963951024582
-0.977729851389805
-0.062098232631684666
0.4348039261804292
0.4341063128713514
-0.14970116602936862
0.3893292597994096
0.5058626776590549
-1.546696025833982
-0.35619891851524726
-0.1148000128659119
-0.16671310625308547
-0.7113114938665701
-1.9986467886935926
-2.868829853840194
-1.9500837099604442
-1.3608613377903016
-0.783185033034382
-0.29865894537712595
-0.44273986344177957
-2.1728556804619275
-1.2349350303068722
-0.2576108225465483
-0.04346630214650362
0.16083576727504018
0.4833822942303577
-0.2692138907792031
-1.084968915107533
-0.9669272681439108
0.2983466797452332
0.6578491209294148
0.23193241025156439
0.43719305464572844
-0.08549527608891179
0.2913339342433115
0.04786962965845041
0.1341977695731869
-0.15768880363982818
-0.4927472391812906
-1.5837165087875924
-1.993752896004261
-2.768743606592198
-2.221807542075296
-1.0950966333641383
-0.9715441324245881
-1.9198445905467947
-2.0469599462872274
-0.992929996459165
-1.8215300127130805
-2.4417370250792936
-1.7679543909566866
-2.0761285570530665
-1.8193500150118151
-0.18128410062330677
-1.0592290887645863
-0.4489886147420461
-0.2619221796078578
-1.0936667810271856
0.20534451514544
-0.10587209621327533
0.4471062708920567
0.9494793849016956
0.9401385848901371
0.15618550228384215
-0.32593609123939304
-1.231857428210541
-0.3783195829104075
0.03410112056429552
0.3274561274726391
0.1314352457150581
-0.35345285625256906
-1.1453309586008014
-1.9845999149160392
-0.9997224319437239
-1.1844642020047114
-1.2019986512130125
-0.8305508914888842
-1.4590636937024757
-2.238589577249799
-3.1058940426418924
-1.5337410743379638
-0.9583150555501555
-0.6815468821662851
-2.0255814470519296
-1.0826155679099247
-2.4124832143016546
-2.082103831734889
-2.2344008842305962
-1.087598393877476
-1.3334280930003248
-1.8318349422914648
-1.7633170873699182
-2.0660057720847353
-0.7769543323087391
-0.0743803948980016
0.45660440132979796
0.3690036169666945
0.36321406366424935
0.29300242257857556
0.4875534196518193
0.16636040441813527
0.29848493198837145
-0.7948944653447667
-2.690716289194171
-1.503300831097224
-0.6292506906766369
-1.131434876842346
-0.7456361721057655
-0.7307850919111094
-0.2560143460813079
-0.8717753952593101
-0.9802921341736303
-1.2086337089207393
-2.021263402840984
-2.8143601450707934
-2.6307188823910845
-2.044293548389084
-0.8140193243693636
-0.39143069680974557
0.1314165865610636
-0.06312993610438548
0.09460353430325465
0.34192530738260796
-0.4456711071246804
0.04051256698493774
-0.04952041449525607
0.5066965098119569
0.19219001552230694
0.6191159158586136
-0.041249126460906435
0.4843951830590943
0.5612934137673202
-0.09812794337368741
0.29174797361968663
0.4045986993807953
0.5088321558261131
-0.5518580031699705
-0.16959498591615133
0.2745900425542642
0.388827309318697
0.5462211711162965
0.5219871954430052
0.17654138195721913
-0.2571682619980202
-0.4762278840126115
-0.3823033713115827
-0.22042774749778718
-0.15157196013142113
0.4148901277260056
0.5188302694905196
-0.2432355424116109
-0.594386669933026
-1.7232998088842792
-0.09600728419214423
-0.2505574540056468
0.4198722618442289
0.3126032098544159
0.11885757225576547
-0.5999482288346553
-0.8215530444863165
-0.8727613125576502
-0.24269660830546702
-0.3880054755198334
-0.1319113624972888
0.13499091043326994
0.42542708707927407
0.40932917150057474
0.2699881433721675
0.37554709524908453
0.16660000092377503
0.23589618348878222
-0.04718865599522138
0.2614121934001469
0.2431265383791292
0.33329163327673617
0.18210930445860862
-0.24639041141075183
0.21294404436711578
0.4105006322074636
0.2094999077988842
0.15131825410646443
-0.038285545538490805
0.4289060674876153
-0.16416841966524562
0.027468875561862532
0.3521447598461557
0.10285975385873146
-0.9328962417126763
-0.3698793573881059
-0.3597640567356997
-0.13001360504699544
-0.07717499514691774
0.006968456443737239
-0.13406714060816988
-0.10547281602849876
-0.129257196953125
-0.4483958627798887
-0.6254217210698755
-0.3847093926247845
-1.258016233472829
-0.11289962468715131
0.5035277254123016
0.5651714731605427
-0.16955174073979432
-0.6338004084406547
-1.3900092310665093
-0.5132310700695036
-0.16332564107510364
-0.008349576017809175
-0.20197206014810007
0.1440895876856758
-0.43452448603227356
-2.1096072929077376
-1.7283916141499849
-0.6152912719197178
0.14921956481151621
0.047870552214404706
0.4345864422138522
0.038177702907897904
-0.15850100304268927
-0.18693771764384148
-0.005217820813503679
0.11385406405671997
0.09145048388274918
-0.5624706735714984
-1.1964435476738806
-0.3129124852823104
-0.42795571179853964
0.03743941191777903
-0.0418929878432527
-0.44511863138771796
-0.09957155416171173
-0.11548156037542298
-2.200194386608041
-2.1121697260833106
-1.5755951883505417
-0.06395046632933987
0.020833785627206718
-0.16892181699924882
0.3345769846202662
0.4146279657291474
0.515868305976158
0.1824714485180528
-0.3424896938193587
-0.4965723138418893
-0.22243293803923164
-0.8139656203071647
-2.1357577099558953
-1.4753746853590626
-1.2756227300707008
-1.0473355354728207
-1.5513979930725623
-2.522342165767385
-1.6108789502944463
-2.1377159683102938
-2.43000854217264
-1.2358250622271456
-0.4000286416695088
0.2965042313963542
0.24004579599653325
0.4514453579744119
0.3400207920656242
0.19472922642715956
-0.6833896204330622
-0.6518740089310261
-0.030704023043436217
-0.0006313276732496584
-0.41002752770116657
-1.769608488382871
-1.170648156918781
-0.011062102295763765
0.24671799616546525
0.6684760193816569
0.5294162077607887
0.3305380511772774
0.5982080655500936
0.8125881238121706
0.9638031111478988
0.8054251118485003
0.3921076801345563
0.6495174247251505
0.7496439572438754
0.880108937988745
0.007748965765777873
0.3708552916378642
0.4662656730616594
0.5503799199743973
0.43863155640335744
0.32849005063756653
0.21653777461111567
0.5226395684072997
0.45391725113447334
0.17718809529820545
0.5868412860650116
-0.022547437380986024
0.2666368825779478
0.2137066765339141
0.04119736555867723
0.3723412836542963
0.6611936537980103
0.6596884502084024
0.17580527874280577
-0.328654894819162
-0.0349693125182925
-0.6472288876982693
-2.0427740294609
-2.5136417779977673
-1.1002268359756775
-1.3401483229027966
-2.497034908790413
-2.80074863385951
-1.0290675143272516
0.0037360198696665386
-0.26224831185534714
0.1360953429119086
0.3258828129177664
0.29762736394494754
0.2865733840606295
-0.8457996940548713
-0.7780736871637621
-0.2070536874484286
-0.05703287980533038
-0.13092918353829058
-0.05695760665303325
-0.5882917159181442
-0.0012652098211168444
0.11024331114648675
-0.7326621540544427
-1.7715737793694017
-0.830767533243032
0.48523534002146906
0.2878295565513145
0.30648539447024886
0.5534593101172451
0.9001850752061944
0.247672940146915
-1.3075408575824947
-0.4743450348656984
-0.0008822514855106271
-1.199508543041753
-0.2606853766380385
0.17821170377640488
-0.06756090858708116
0.34186114210055535
0.2933872004642971
0.21771503272528125
0.38132293856363897
0.38390558535014213
0.2706868004332741
-0.007554976728428246
0.4012370694567867
0.027145576589057537
0.10640332877591141
-0.15491291753619024
0.16462657565092945
0.21396931356511584
-1.472219638082423
-2.5738500994241305
-2.335831548447837
-0.9248723472829488
-1.4731190093297466
-0.22441911184994662
-0.2049907378341874
0.3137264104846662
0.1160390560475066
0.3389451910283532
-0.01257065046571746
0.09075240497338626
0.03740217080185646
0.1097074121019523
-0.883581193013275
-0.35096290108434264
-0.4691680918891364
-1.1860284702382402
-2.3660329512349847
-0.9945730632214225
-0.24078675479239262
-0.7381356761943846
-0.5178374970061006
-1.9409573120815091
-2.201840864281624
-1.430886822042614
-0.27676689858074677
-0.33128437213587814
0.069466802258271
-0.4533414633268349
-0.32950140999556693
-0.2486416468911697
0.0174711536942705
0.1816743133912276
0.30226009491350986
-1.3554079007743822
-0.4458225330898221
0.23270167175783854
0.12289053604272412
0.4196633725094015
-0.24036695412383793
-0.4522549923613773
-0.572586890462313
-0.8506948599418478
-0.5768559566387867
-0.3394394360168427
-0.3223969750654023
-0.6975106353428275
-0.10787337997778582
-0.13068061205029136
0.37595916228416254
0.8111886475967509
0.6869409684676948
0.7906512668731039
0.6145057288759421
0.8726371769309172
0.6021973300234702
0.08714923885614825
-0.07293752318164598
0.05223013447377026
-0.6648487003535619
0.12157501661208955
0.024041930335794305
0.1551727161817284
0.555831429118795
0.5400354199936949
-1.443153929067548
-1.8435760794009308
0.12690796107036661
-1.2393861920657376
-1.2285688003419342
-0.5588991084256505
-1.0382765606904791
-0.8555164783100435
-0.20087371168060453
-0.11507349037183738
-0.25270367634254826
-0.7587459007188279
-1.0449053541027762
-0.54724276311265
-1.7790569913701257
-2.516273578410831
-1.6638930714414228
-0.20039216324547757
0.3142961023563261
0.049051330479032054
0.2592169907526657
0.39759920189403697
0.5977392665994327
0.46247174566343513
-0.24943513218235766
-1.2427204150597695
-0.12941418564347879
0.3315060924978035
0.24468805710582928
0.06019015138502207
-1.0536072811727715
-0.37095196697646243
-0.3353827269883559
0.20828756540849117
0.4787708572689794
0.12119283410757935
0.5445666990704497
0.34429699101357375
0.36905793355951727
-0.09724652076258855
-0.6259045427729142
-0.412379886631916
-0.5913686613998497
0.10165586931160606
0.047099127934184526
0.4941401403558676
0.05617714177609841
0.41944697447119667
0.7737278769141169
0.9564736691196638
0.7012324527299102
0.8266082545356969
1.0525613840997772
-0.4823752803685036
0.5648830580056818
0.4158361236772422
0.685781290972386
0.3039160813694075
0.03579804115889445
0.5063343239576197
0.09420778216559315
-0.17042528906811144
-0.345391382998344
-0.062318384963791995
-2.408135751463339
-1.501589815277787
-0.219422575853716
-0.25282831336619427
0.22511352388117187
0.34789763192574497
0.6654396642670284
-0.9338571903530918
-2.0882967542914495
-0.8632306815410323
-1.4961170352451796
-1.6412851813312448
-0.4878651202270712
0.32502620089039125
0.5796204268793537
0.4121719173469453
0.2502716945429696
-0.4877950891940713
0.062378085161044726
0.36738670290239817
0.34045757392895043
0.3312057964562729
0.5047775696518505
0.7572445744206987
0.3338124584056122
-0.1996565048572826
0.16711522431146933
-0.8636183437069167
0.06461903146694026
0.2575658343832746
0.04662108014435275
-0.6807944400683038
0.39265800230415093
0.514520718679695
0.2818518733029909
-0.4636978159523397
-1.0077172267660874
0.5298662181645104
0.9402225226516652
-0.28618768637479647
-0.45211731240585024
0.22215583185098026
0.6739530966099472
0.7286432772192908
0.49787887014165844
-0.570322063369957
-0.14488027772139142
-0.12375237638152958
-0.07285776101588028
-1.5624141103646068
-0.16194624203795577
-0.19468716210960538
0.3058170031374533
0.06671462543735887
-0.4019967812619638
-1.2932298535891322
-0.15461556561665252
0.543803211368288
0.52162895064751
0.40260934400073606
0.6690789937060653
1.1299812438522148
-0.2546699015116557
0.2848954487311124
-0.4089905955506942
0.2960221783030679
-0.25324939119112416
0.9443073313221291
0.714364468190752
-0.5406171661937011
0.2775269500843779
0.3028208435824273
0.09117330343457289
0.3582336150469437
-0.2789182288177727
0.9038776883687489
1.1243888745348412
-0.07427946735462439
-0.6050807439805331
-0.898305408924458
-1.1104457876403497
-0.6323900216693322
-0.6567892811094993
-0.02033622876369666
-0.016958049882158367
0.24485304039999112
0.16586152292885872
0.07160453874711092
-0.4848003866235659
0.300504597360652
0.161155635261903
-0.1744611494641037
0.3498909706195452
-0.10210646453726324
0.6147847380142852
0.045179521757225206
0.6258793021988849
-0.4086745095510912
-0.500486244221038
0.13319472446194383
0.10350660450961802
0.19695629540803594
-0.23961057791249077
-0.4933245185531189
-0.1337350861379243
0.37704641791400745
0.43521351352123694
0.7830416454467143
0.6218126059850357
0.31116637614342585
0.6604196082378097
0.6893774338826072
1.1159542380916934
0.6996969084260801
0.7740692811324615
-0.999361748188489
0.030843494961808614
-0.5855359054478967
-0.10530488188290595
0.35757248701346195
0.5384084100446349
-0.1454314075452775
-0.762886573054083
-1.5559676454781615
-0.7170701100473686
0.11987885015761235
-0.12739817262869946
0.13843495389429583
0.34950031807871274
-0.18024605657186152
-0.22755996225386702
-0.0018127828736819451
0.17766978582239779
0.06345734410618098
0.49381000064102354
0.2756694699507005
1.070313416277206
1.0274050470099172
1.0294639179481575
1.0154535445632384
-0.2586182202420094
-0.4167970241996715
-0.3040111874375225
-0.08494922389641937
-0.21420189778169688
0.3433775471316938
0.6860784672803482
1.0059887663330558
1.0269041237875438
1.0584042156556814
1.0566424836231947
0.45579345656387515
0.8333777571633398
0.8659593360642515
0.6454952025684108
0.44328859348834554
0.45324106195592995
0.1983623232595772
0.3649561539706258
0.5115779644199245
-0.4813258640474951
-0.15973311556468917
0.10913113192953593
-0.5160692335603032
-0.43046962994617
-0.48993110631621867
-0.19893574141729964
-0.9334850008558877
-0.2968290961807091
0.02054114560315027
0.2601616829313695
0.13374818649994533
-0.30506674962631963
-0.15725824779539233
0.060870069202059014
-0.3845682868645128
-1.1116294907156352
-1.6310988871545666
-0.975398993907686
-0.790624668855607
-0.22467868205042574
-0.31119650330432924
-0.4178986239387508
-0.5168534243452555
-0.57203244530261
-0.3651664762531337
-0.060996141755213014
0.04159069792168342
0.33527496978591875
-0.18349676653179248
-0.128365261044885
-0.15767320333483636
-0.3876391685664761
-0.23195713777157295
-0.5748551988157871
0.39052491584958193
0.5343129563134276
0.49649667404009534
0.5216294294850508
0.5567903405648755
0.15944078577492474
0.5432618075270155
0.3605438936597658
0.6350071942418685
0.7136588628954754
0.42969157150075726
0.4455527388622218
0.4634928993183716
0.2788112542621507
-0.3607716713916557
-0.2860422711934828
0.018031799919384375
-0.33597960241541797
-0.10800648197807239
-0.003427179980480229
-1.3695348512090646
-1.5756112369425423
-1.866876434313883
-2.1414524930086647
-2.069876386215109
-2.651394524278059
-1.624704097266441
-0.6328304810044376
0.1022572246150531
0.2188187853243412
0.4182463586655603
0.29919410032003996
0.392223189934776
0.5993696302780818
0.6526451765647576
0.43788110392722646
0.2578109497457841
0.21481297589197235
0.026867001119802614
0.40144438629167356
-0.18912061604956337
-0.01831150387807133
0.4676468998422662
0.3134677727249575
0.1165123476403647
-0.4966150625869077
-0.22673384818382272
-0.05584943558186161
0.4853632295413881
0.4480422623103755
0.548969722478412
0.5956684015260425
0.45532210179302307
0.3903008865924655
0.6228444636461281
0.5272620614892753
0.05353928069331387
0.07779937540515525
0.31066798541409296
-0.3928442278688229
0.11804024228567715
-0.28327819926597214
0.049145009270140844
-0.6139912460539914
-0.27447999572706594
-0.21310855872616483
-0.6657466824112874
-0.2819605807464076
-1.3824198792358537
-1.805417948303971
-1.5119026109255707
-1.7980311540109526
-1.4843248605192498
-1.522331265595889
-2.3464788367213627
-2.4421401770459266
-2.414998148695462
-2.8705595069574192
-1.6912573119530594
-0.789336372507109
0.08899259716313787
-1.5067461086550167
-0.40374159150719385
-1.4616163820166934
-1.6233893875158816
-0.5936032402215115
-2.2237284214791986
-1.5225482603482279
-0.6089859081156301
0.13538415280142624
-0.20401528523495124
-0.7230934004683344
-0.3938912308102474
-1.356656608800439
-1.2948933863949719
-0.9546358047603247
-0.6813727216857016
-0.824623684051691
-0.37435478937735017
0.006934508642754009
-0.014021616667042502
-0.13651178171282483
0.21086069556279835
0.5499607769619754
0.6821706932044289
0.2600741985419967
0.12027234262089023
-0.06382005343198124
-0.24141475093760636
0.18153298383251384
-0.03389575883305978
-1.7708975314866278
-2.0356507825762105
-1.0435815032961644
-0.1529669461535379
-0.48246942923089425
-0.35790445832627993
0.3453912819227925
0.3817382676687718
0.4180916145168449
0.568566425624221
0.47100097728130114
-0.6950378521577916
-1.5758281532250302
-0.3123063513303253
0.177746776051292
-0.9594795504351307
-1.0307336041648016
-1.3714867870362077
-2.005372030179576
-2.121793125207478
-1.3555117412811755
-1.3892387360623684
-1.217954888826226
-0.9091811189943144
-0.5360700085869591
-0.19467946949402593
0.2454209920113838
-0.4891615534629295
-0.5596629270890272
-1.2267065187390678
-0.7300010308879736
-1.1080634890701262
-0.033317049083895225
-0.10143528387620977
-0.5695215452215032
0.09071295402431265
-1.156161175087429
-0.20122889052262657
0.3656955378627612
-0.917419344462477
-0.9187408879799436
-0.6117587228986514
-0.23834069586718243
-0.6114508079076737
-1.5256451045737154
-1.0268824379425046
-0.4713408980563175
-0.5328656556429314
-0.6272176309593542
-0.16675050146428355
-1.504769964237467
-1.9662571112027751
-2.4593280431343194
-0.7466184953691035
-0.100688838454383
0.3440876778278901
0.8360788659974925
-0.016628868598196067
-1.2404576216859313
-2.4962795720442164
-2.6034823199157926
-3.258442502353607
-1.736377184717425
-1.5717455575875527
-1.3232217762574237
-1.4559672146798923
-1.1069977662405501
-1.6697873932272362
-1.1824121690237104
-1.8753273957091425
-1.5674866395409517
-0.3329354738351715
0.2503643965087118
0.014860717502021364
-0.3246144940196184
0.1252072978100609
-0.951845782378496
-0.3573084639229234
-0.15125496222782495
-0.7174317185972676
-1.2428427647409421
-1.375096913127703
-2.6099317499148076
-2.326993693441072
-2.3779677842372893
-2.2506481016085687
-1.809611532908722
-1.1782470059140122
-0.9779377650001814
-0.6124977821582636
-0.9487219949083531
-0.6487106699310345
-0.1556385930818846
0.18769134664636652
-0.9908266008739601
-1.37936994614862
-1.8112602516091942
-2.053312599708726
-1.0065822687236714
-1.2335389596816424
-1.8221436587215507
-1.4949503191670546
-1.912263722094086
-2.3338884405723053
-2.1369585466722256
-1.8118526228767808
-1.358455418061033
-1.6896190622655374
-2.287020515587404
-1.9377142552366047
-1.104705296483008
-0.7877188624644853
-0.7231923836284588
-0.9734137233515131
-1.8263970310738282
-0.5488663030955336
-0.24160563689802855
-0.10296699303220128
0.05494282413394194
-0.15982803872178813
0.2634957048590335
0.724355109878618
-0.06250604682695007
0.5502313814185518
0.9018993216705347
0.6975635474821265
1.2297707986281403
1.4524843677183996
1.3591012592586154
0.9172693055363688
0.9055669585621974
-0.49742601976808737
0.34829037634196575
-0.5390148122183165
0.5630783707888167
-0.17378512868470233
0.161256435873736
0.43329788627859617
0.8857677364318127
0.6616946727404021
0.14121301746513307
-0.07348802229852534
-0.9011769511987574
-0.21566073860193008
0.6285220724979388
0.0006550457458932221
0.41936754366437756
-0.12812428347046045
0.4064019101151176
0.8088782178227146
0.8454663730929545
0.6872027538616842
0.8267958216601973
0.6679135399611089
0.8471958050216524
0.5001987845058726
0.858827962735999
0.9384243822602262
0.6848472887416738
-0.7920080433411554
-1.3819498327614723
-1.8105840453882875
-0.8565142784079645
-0.8682639937237209
-0.536428907102259
0.4262278821862314
0.45655762406993067
0.523906547024477
0.6611550123659474
0.5272055901443136
1.2183537578999821
1.0354701308088643
0.4614369420001668
1.1759666360937255
0.6457533715670942
0.7454631349217441
0.8775702368081094
1.2855386088644716
0.9517281821071742
0.49931814143953185
0.8831580754436179
-0.4594046382375476
0.07831094937548291
0.5453983839741547
0.7568623374216314
0.4965534612739315
0.4249359946734814
0.26065579782752013
0.28044918571356603
0.3111905791404541
0.576324601528444
0.2851344123045422
0.9191736809071914
1.11292667082517
-0.3102917197719588
0.6124563250800643
-1.4158463882353167
-0.41668009191273614
0.38958188073498773
0.7111518603138459
0.728795528009896
0.984100994080946
0.831391505160851
0.046952441587635826
0.4757991163960199
1.0759184631328762
1.1752371626879965
0.782349091051339
-0.2536199057718333
-0.9805251868350014
-2.018219201896005
-2.2434916640400466
-0.6405962908060138
0.6716674732462686
0.8423765089975944
-1.1818634594596802
-2.0491292682676057
-1.9329794058946839
-1.0700388805946184
-0.8883079318138877
-0.512170667352656
-0.4141593849998073
-0.4697178667237871
-0.348949738142666
0.29425886185002287
0.21259849922498703
0.2388972762431577
0.37130379148190196
0.435324218061599
0.7845513541897344
0.3958184947412746
0.7004158546548391
1.0055832485068548
1.1410916897992167
0.9896843939380952
1.190708090343866
1.2604912248023052
1.1989820105305036
-0.2712942347275537
-0.20455084076052918
0.17197418081290808
-1.5609224384586986
-1.9395027204986408
-2.545966173748785
-2.902158797455307
-1.0890771510077792
-0.09422933592212923
0.6179643168102082
0.610304586743103
0.8716872968894219
0.9744324522667219
0.9441174105014507
0.8338744594251842
0.8235817101055246
0.8472994704105643
0.912198929028775
0.2012036827910257
-0.3178870253266715
-1.3151431650850112
-1.7150450275989078
-2.147764846370051
-1.7678954858635594
-1.3546876986647745
-1.000116412526705
-0.8075824620678382
-1.9817650516055056
-1.2321239164887225
-0.3374696784293676
0.15441548563050322
0.9010375007450209
0.6085455273946643
0.1906845845081218
0.2145178023347624
-0.05328161178625692
-0.13471716435709585
-0.02312837944374744
0.5458656715131056
0.4655976660596355
0.47680740136626454
0.13380403346078548
-0.773317166118499
0.46732275674141543
0.7606125461806444
1.1252558706197455
1.321298659518533
1.4130586740387223
1.3034829482656616
1.3437375998294945
1.1005526032841395
1.4246374422077228
1.2575743934375208
1.3406033472803367
1.4039467491697208
1.51940975152122
1.3997438971989176
1.4238406931452612
1.513894183665032
1.713404490902942
1.6016546236460258
1.5783651871951327
1.6897391381263251
1.6699352352192711
1.2129360422204694
1.598877028575215
1.4544685185699042
1.1547212515371474
1.398074203292861
1.2999798359152663
1.4339045482378978
1.4940817110251141
1.6455896770564484
1.5457815716985226
1.7429173461855751
1.2147231630170345
0.7735665657119124
-0.29026499747755574
-1.9021368681979374
-2.2544752818071148
-1.5741675876931174
-2.237219142080704
-0.021672272502535866
0.8615855813668555
0.7496498916830435
0.3418371173514991
0.7302619210739287
0.8364630381762684
0.9652332342152864
0.9993193377374361
0.32298344451548655
0.32416423449768517
0.06841042759290453
0.2422622371974551
0.691246366550729
-0.27819845058741566
-0.5710727951530303
0.15244047254713405
0.6413699999621363
0.9379150876611996
0.43349409134949035
0.6306618359483873
0.5772429280929448
0.9460032345457072
1.0758991903756185
1.2817530511918327
1.3357120633187993
0.5130657301409118
0.9812779269544641
1.5628092715530983
1.413926272601108
1.051264987805344
0.8437494173276303
0.8290056330680444
1.1318245057401322
0.9657687606045233
1.0551217486270223
1.256814263772642
1.217360246810983
1.2119808653690363
1.2633522584234786
1.2611088434322792
0.5610541816703984
0.6401813292948546
1.2369325293509694
-1.723155781447769
-1.5719597460101873
-1.267650585869243
-0.28955128446145034
-1.018101292870432
0.18125125833191874
0.49428625508327717
0.10836614429756497
0.9676020775981089
0.9789605876976737
1.3320018809989285
1.50251712320723
1.509656353149235
1.0562834677758512
0.5972163460737798
0.5901645458011517
-0.8737568205650539
-1.4917304417559927
-2.149931585758643
-1.890590273538435
0.10443086631330561
-1.7112878338350062
-2.1167768232497943
-1.023375573833131
-0.8214645911778526
-1.785069821533203
-2.709507415359635
-2.0290952785843723
-1.2632351352948148
-0.677591674131785
-0.02839321780740052
0.12799671984913136
-0.25317043027607466
-0.6496805932652008
-0.7960958758280013
-0.03242175088864766
0.516767306004791
0.7657663871978861
1.0434675482729463
0.9411253722173899
1.0640452539635767
0.9235717647962962
1.0398365921094452
0.27467672673056326
0.6024196436976718
-0.32137324181122473
0.35802928529917233
0.5396441448595004
0.2803416605565002
0.6836403718018005
0.9272473534346477
1.0021934999507618
0.4079440966173165
1.0498608408377827
0.7515064911806751
0.8108466040113997
0.12875620375583063
0.30402217508941587
0.18130269008674366
0.16602326262843217
0.11205557315923849
-1.3969833667533174
-1.0187231953249554
-1.9449436493437093
-2.3236590700255233
-1.3901950965439482
-0.8297391523129226
-0.6515688067099374
-2.391054547903431
-1.0200101467216918
-1.2220091745125363
-2.449331165613374
-0.4603064853714214
-0.1364046380314142
-0.5492898040364789
-0.45547374465279267
-1.1048874320932274
-1.1629772839658838
0.04170904105566403
-1.1044637266046708
-1.3998480494769956
-2.1286532307100696
-1.2815728926678536
-1.7981499373086123
-0.2716999403113258
-2.671687820633922
-0.8698979537588702
-1.7033106907756062
-1.738707880690674
-0.03944685532381109
1.1634392933535134
1.2283204693564485
1.4023370393093602
1.1011808670272965
0.8561065389142941
-0.49061544238682925
-1.2964897624735843
-0.748864422575876
0.20779549968096542
0.9954589741359211
0.9530681855153924
-1.5491193892013757
-0.4220952192913315
0.39358619321020294
0.6738832668044685
1.116164540022469
1.1135573991256345
1.1239986592488436
1.2459753668235922
0.8947941978320086
1.251364259114919
0.921035539256286
0.9145957476979012
0.8746532126006074
0.7809865581475517
-0.6657591475002598
-0.19589595815612557
0.5740935848638197
1.0124113092348765
0.4059584927405675
-0.5687432260323058
-2.7726678427764924
-0.9311446805638477
-0.24111445527389103
-0.6526024014931447
0.8071381718228684
0.9060207104217038
0.7641351272783363
0.07840240965329467
-0.03858288811969246
-0.03964103202698444
-0.4787671655673388
0.22360736419269944
0.8334880021590279
0.8401779687543298
0.3427888308338124
0.6235025509905067
0.8782551758090598
0.7471423433422388
0.47301482964907327
-0.957240822062644
-0.5078510702118619
-1.6566187771013334
-2.118804703699958
-2.5412553417201513
-0.6943079549784568
-2.1960276701484673
-0.34650677275363223
0.45848515784285665
1.0258956246460549
0.9251698089995241
0.633599544819204
0.5753976599273869
-0.12385667724567935
0.5430832853158354
0.8061706111841214
0.40680733571984
-1.0267142403609641
-0.5698371000318421
0.0818306779872221
-0.08764637159143641
-2.471485703632699
-0.6382032475533947
-1.391355443605023
-0.3760612873636475
0.44732045268479026
1.3090083019101857
1.0840200577736105
0.8028375995709149
-1.253611942902608
-0.5332128209527607
0.43611224295598405
0.04284859172645415
-1.747294640369532
-0.28644588442800234
-0.4534622239348919
-0.9799704532159699
0.4442918175549515
0.44279026631353646
-2.0325907626832076
-1.207012396084799
-2.320194242909562
-1.987387543968951
-0.6760277495156962
-0.9363401278985861
-0.6985373083239326
-0.5213832438653786
-0.3493007139140111
-0.3062334089603844
-0.3009804957822952
-0.03433513291254536
-0.5922079928737245
0.2711728736941667
0.14793645491606708
0.46407572673360414
0.4436380650297007
0.25081008424676776
-0.5059324121899015
-0.08497086743505611
-0.4511848698791473
-1.4550314378724907
-0.3015725420854542
-0.5154197090358108
-0.5792418610097608
-0.10945392158082787
-0.9329061011103852
-0.5797564281337411
0.08359509134728499
0.8131236522551186
0.8911524252411824
0.9949831936202284
0.6641722136564205
0.8062977964891708
0.12308719171353918
-0.15623374124607686
-0.12705158665752697
-0.4141550709441121
-0.4007695332676767
0.1408376833619795
0.37969075122016105
0.17296307386219095
-0.5155945421572283
-0.14547143467565848
-1.4744093470118684
-2.882162978904475
-2.7870700295988713
-2.8278618138540645
-2.5725220293856506
